5.3100
5.8600
6.4050
6.9500
7.4950
8.0450
8.5900
9.1350
9.6800
10.2250
10.7750
11.3200
11.8650
12.4100
12.9550
13.5000
14.0600
14.6000
15.1400
15.6900
16.2300
16.7800
17.3250
17.8700
18.4150
18.9650
19.5050
20.0500
20.5950
21.1200
21.6900
22.2350
22.7800
23.3250
23.8650
24.4150
24.9750
25.5250
26.0650
26.6100
27.1500
27.6950
28.2400
28.7850
29.3250
29.8700
30.4300
30.9900
31.5300
32.0750
32.6400
33.1100
33.6950
34.2400
34.7900
35.3350
35.8750
36.4250
36.9650
37.5400
38.0900
38.6250
39.1650
39.7100
40.2500
40.8400
41.3600
41.9000
42.4500
43.0100
43.4600
44.0600
44.6150
45.1650
45.7050
46.2550
46.8000
47.3450
47.9350
48.4650
49.0050
49.6250
49.9900
50.6050
51.1600
51.7000
52.2600
52.8750
53.8900
54.4350
54.9750
56.5400
57.1500
57.6950
58.2450
58.7700
59.3450
59.9250
60.9350
61.5350
62.0800
62.6350
63.1800
63.7200
64.2800
64.9350
65.2500
65.8800
66.4250
67.0300
68.6400
69.6350
70.2550
70.8150
71.3550
71.9800
74.0850
75.7250
76.3150
77.2550
77.8900
78.4550
79.4450
80.0700
81.1700
81.7250
82.2600
82.8700
84.7500
85.5250
87.4200
88.8000
92.5500
93.1800
94.7200
95.3250
95.8900
96.4750
97.0200
98.1100
98.7500
101.3500
103.0400
103.6550
105.4100
107.2250
111.1050
111.7900
114.3700
115.0050
116.1750
118.8050
121.4300
123.0250
124.2600
127.5350
129.6600
131.0000
133.5300
134.1250
134.7100
137.4100
138.0500
139.7100
141.1400
143.0750
146.0550
147.3300
150.0300
150.9500
153.0950
154.2950
156.0400
157.5850
158.8100
161.2400
163.0300
165.5550
167.2600
167.9000
169.0750
169.9550
173.4100
174.7200
176.5000
177.1700
177.7050
178.3250
179.9250
181.0450
182.1700
184.8850
185.5350
187.1900
189.3900
191.9900
193.0700
195.2500
196.8800
198.0200
201.2750
202.4600
204.1650
205.4350
207.8800
209.5500
211.6700
213.3400
214.5350
216.1850
219.0650
220.7400
221.4150
224.0400
225.0150
227.4200
229.3350
231.2650
231.9450
233.7050
236.5600
237.7650
239.5150
241.0550
242.8050
244.0650
247.1250
248.1250
249.6350
250.9700
253.0600
255.2900
256.3900
258.6050
259.8400
260.7950
263.5700
265.5450
266.6500
267.9050
269.9750
271.5350
273.4150
275.6000
276.4450
278.2300
279.2500
282.5100
283.1750
284.8400
286.6500
287.9150
289.6000
291.8500
293.5750
294.9500
295.6150
297.9600
299.8500
301.6450
302.7450
304.9350
305.6450
307.2100
310.0550
311.1600
312.4400
314.0000
315.4550
317.7150
318.8700
321.1800
322.1850
323.4700
324.8550
327.4200
329.0450
329.9600
331.4850
333.6400
334.2600
336.8900
338.2800
339.8350
341.0200
342.0750
344.6700
346.3900
347.3050
349.2600
350.4050
351.8650
353.5150
356.0150
357.2200
357.9100
359.7100
361.2900
363.3400
364.7250
366.1800
368.0000
368.9450
370.0700
373.0750
373.8400
375.7900
376.3700
378.4900
379.8350
381.4850
383.4350
384.9900
385.8600
387.2200
388.8850
391.5250
392.2300
393.4100
395.6100
396.3300
397.9100
399.9950
401.8300
402.8800
404.2350
405.1400
407.5950
408.9150
410.5200
411.9650
413.2550
415.0000
415.5150
418.3800
419.9100
420.6250
422.0850
423.7550
425.0300
427.2150
428.1300
430.3650
431.3800
432.1050
433.8550
436.1750
437.5450
438.6400
439.9050
441.6900
442.9300
444.2950
446.8300
447.4350
449.1250
450.1450
451.3950
453.9800
455.0150
456.2900
457.8850
459.5000
460.1300
462.0600
464.0350
465.6900
466.5900
467.4050
469.5350
470.7800
472.7950
473.8650
475.6100
476.7750
478.0350
478.9350
481.8100
482.8250
483.8800
485.5650
486.5700
488.3800
489.6400
491.4350
493.2950
493.9750
495.3350
496.4450
498.6050
500.3400
501.5750
502.2500
504.5600
505.3650
506.4650
508.8050
510.2700
511.5350
512.6150
513.6900
515.4400
517.6150
518.2500
520.0700
521.5450
522.4950
523.9200
525.0900
527.9050
528.4900
529.1250
529.7550
530.8750
532.6700
533.8000
535.6600
537.1050
538.4150
540.1600
540.6500
541.8550
544.3300
545.6300
547.0200
547.9100
549.4900
550.9300
552.0650
553.7700
555.7850
556.9300
557.5700
559.3050
560.2650
562.5550
564.2950
566.6700
567.7500
568.9450
570.0850
572.3900
573.5850
575.1200
575.7850
577.0300
579.0800
580.1500
581.9600
583.2300
584.5400
585.9850
586.7350
588.1250
590.6600
591.7700
592.5250
593.9900
595.7200
596.3650
598.5000
599.6000
601.6600
602.5050
603.5950
604.6100
606.3850
608.4050
609.4100
610.8050
611.7750
613.5800
614.7000
615.5050
618.0900
619.2050
620.3150
621.6850
622.4050
624.2550
626.0150
627.2650
628.3700
630.6450
632.2500
633.5000
635.5500
637.3300
637.9300
638.9450
640.6800
641.9600
643.2650
644.9900
646.3550
647.7400
648.8100
650.1400
650.7100
653.6400
654.2900
655.7250
656.9600
658.1600
659.6650
660.7500
662.3500
664.1950
665.3400
666.5050
667.1700
668.9850
670.3050
672.4350
673.1000
674.3450
676.1050
677.2150
677.8350
679.7300
681.9150
682.6100
683.9700
684.9500
686.1800
687.9850
689.3200
690.5100
692.4400
693.1850
694.5150
695.7250
696.6550
699.0900
700.3150
701.2900
702.2200
704.0000
705.1350
706.2250
708.2650
709.2200
711.1450
711.8850
712.7400
714.0750
716.1450
717.4650
718.7350
719.6950
721.3900
722.2400
723.8600
724.5650
727.0500
728.4950
730.4250
731.4500
732.7950
734.8100
735.8000
737.0750
738.6400
739.8950
740.5450
741.7450
743.8750
745.3300
746.4900
747.6450
748.2650
750.8150
752.8900
754.3300
755.8100
756.7650
758.1200
758.8800
760.2950
762.7150
763.6200
764.3100
766.0600
767.2100
768.3100
769.6900
771.0600
772.9450
774.1650
774.9900
775.9700
777.3300
779.1500
780.3250
782.0700
782.6200
784.3000
785.7300
786.4400
787.4750
790.0700
790.8100
792.3950
792.9050
794.4650
795.6300
797.3150
798.6650
799.6500
