5.3200000000
5.8600000000
6.4000000000
6.9400000000
7.5600447774
8.0918785276
8.5986001981
9.1400000000
9.6800000000
10.2200000000
10.7800000000
11.3200000000
11.8600000000
12.4000000000
12.9512500623
13.5000000000
14.0600000000
14.5284158861
15.1400000000
15.7027610221
16.2400000000
16.7800000000
17.3200000000
17.8230859401
18.3864224489
18.9600000000
19.5356984515
20.0600000000
20.6706441385
21.1200000000
21.7000000000
22.2400000000
22.7973774931
23.3200000000
23.8600000000
24.4200000000
24.9800000000
25.5200000000
26.0270104170
26.6200000000
27.1600000000
27.7000000000
28.2400000000
28.7086673904
29.3200000000
29.8800000000
30.4200000000
31.0000000000
31.4326912570
32.1264302042
32.5985572116
33.1000000000
33.7000000000
34.2400000000
34.7800000000
35.3400000000
35.8800000000
36.4054333722
36.9600000000
37.5400000000
38.0800000000
38.6200000000
39.1600000000
39.7200000000
40.1638494305
40.8400000000
41.3600000000
41.9343181416
42.4400000000
42.9514608869
43.4600000000
44.0600000000
44.6200000000
45.1600000000
45.7822060223
46.2600000000
46.8000000000
47.3400000000
47.9400000000
48.3679896777
48.9999772429
49.6200000000
49.9800000000
50.6000000000
51.1600000000
51.7000000000
52.2600000000
52.8800000000
53.9000000000
54.4899151668
54.9336919915
56.5400000000
57.1400000000
57.7000000000
58.2400000000
58.7800000000
59.3400000000
59.9200000000
60.9400000000
61.5400000000
62.0800000000
62.6400000000
63.1800000000
63.7200000000
64.2800000000
64.9400000000
65.2400000000
65.8800000000
66.4200000000
67.0200000000
68.6400000000
69.6400000000
70.2600000000
70.8200000000
71.3600000000
71.9800000000
74.0800000000
75.7200000000
76.3200000000
77.2600000000
77.9000000000
78.4600000000
79.4400000000
80.0600000000
81.1600000000
81.7200000000
82.2600000000
82.8800000000
84.7600000000
85.5471900497
87.4200000000
88.8000000000
92.5400000000
93.1800000000
94.7200000000
95.3200000000
95.8800000000
96.4800000000
97.0200000000
98.1000000000
98.7400000000
101.3400000000
103.0400000000
103.6600000000
105.4000000000
107.2200000000
111.1000000000
111.8000000000
114.3800000000
115.0000000000
116.1800000000
118.8000000000
121.4400000000
123.0200000000
124.2600000000
127.5400000000
129.6600000000
131.0000000000
133.5400000000
134.1200000000
134.7200000000
137.4000000000
138.0600000000
139.7000000000
141.1400000000
143.0800000000
146.0600000000
147.3400000000
150.0200000000
150.9400000000
153.1000000000
154.3000000000
156.0400000000
157.5800000000
158.8200000000
161.2400000000
163.0400000000
165.5600000000
167.2600000000
167.9000000000
169.0800000000
169.9600000000
173.4200000000
174.7200000000
176.5000000000
177.2424526856
177.7000000000
178.3200000000
179.9200000000
181.0400000000
182.1800000000
184.8800000000
185.5400000000
187.1800000000
189.3800000000
191.9800000000
193.0800000000
195.2400000000
196.8800000000
198.0200000000
201.2800000000
202.4600000000
204.1600000000
205.4400000000
207.8800000000
209.5600000000
211.6600000000
213.3400000000
214.5400000000
216.1800000000
219.0600000000
220.7400000000
221.4200000000
224.0400000000
225.0200000000
227.4200000000
229.3400000000
231.2600000000
231.9400000000
233.7000000000
236.5600000000
237.7600000000
239.5200000000
241.0600000000
242.8000000000
244.0600000000
247.1200000000
248.1200000000
249.6400000000
250.9600000000
253.0600000000
255.2800000000
256.4000000000
258.6000000000
259.8400000000
260.8000000000
263.5800000000
265.5400000000
266.6400000000
267.9000000000
269.9800000000
271.5400000000
273.4200000000
275.6000000000
276.4400000000
278.2400000000
279.2600000000
282.5000000000
283.1800000000
284.8400000000
286.6600000000
287.9200000000
289.6000000000
291.8600000000
293.5800000000
294.9600000000
295.6200000000
297.9600000000
299.8400000000
301.6400000000
302.7400000000
304.9400000000
305.6400000000
307.2000000000
310.0600000000
311.1600000000
312.4400000000
314.0000000000
315.4600000000
317.7200000000
318.8600000000
321.1800000000
322.1800000000
323.4800000000
324.8600000000
327.4200000000
329.0400000000
329.9600000000
331.4800000000
333.6400000000
334.2600000000
336.9000000000
338.2800000000
339.8400000000
341.0200000000
342.0800000000
344.6800000000
346.3800000000
347.3000000000
349.2600000000
350.4000000000
351.8600000000
353.5200000000
356.0200000000
357.2200000000
357.9200000000
359.7000000000
361.2800000000
363.3400000000
364.7200000000
366.1800000000
368.0000000000
368.9400000000
370.0800000000
373.0800000000
373.8400000000
375.7800000000
376.3600000000
378.5000000000
379.8400000000
381.4800000000
383.4400000000
385.0000000000
385.8600000000
387.2200000000
388.8800000000
391.5200000000
392.2200000000
393.4200000000
395.6000000000
396.3400000000
397.9200000000
400.0000000000
401.8400000000
402.8800000000
404.2400000000
405.1400000000
407.6000000000
408.9200000000
410.5200000000
411.9600000000
413.2600000000
415.0000000000
415.5200000000
418.3800000000
419.9000000000
420.6200000000
422.0800000000
423.7600000000
425.0400000000
427.2200000000
428.1400000000
430.3600000000
431.3800000000
432.1000000000
433.8600000000
436.1800000000
437.5400000000
438.6400000000
439.9000000000
441.6800000000
442.9200000000
444.3000000000
446.8200000000
447.4400000000
449.1200000000
450.1400000000
451.4000000000
453.9800000000
455.0200000000
456.3000000000
457.8800000000
459.5000000000
460.1200000000
462.0600000000
464.0400000000
465.7000000000
466.6000000000
467.4000000000
469.5400000000
470.7800000000
472.8000000000
473.8600000000
475.6200000000
476.7800000000
478.0400000000
478.9400000000
481.8200000000
482.8200000000
483.8800000000
485.5600000000
486.5600000000
488.3800000000
489.6400000000
491.4400000000
493.3000000000
493.9800000000
495.3400000000
496.4400000000
498.6000000000
